ADAUSDT	2018	0.0726	0.1447	0.0271	0.0063	153	
ADAUSDT	2019	0.0553	0.1069	0.0303	0.0041	365	
ADAUSDT	2020	0.0867	0.1973	0.0177	0.0074	366	
ADAUSDT	2021	1.4988	3.1010	0.1679	0.1461	365	
ADAUSDT	2022	0.6419	1.6380	0.2392	0.0485	365	
ADAUSDT	2023	0.3469	0.6800	0.2200	0.0198	365	
ADAUSDT	2024	0.5293	1.3264	0.2756	0.0398	366	
ADAUSDT	2025	0.7506	1.1747	0.5060	0.0607	217	
ALGOUSDT	2019	0.4758	3.4400	0.1640	0.0713	193	
ALGOUSDT	2020	0.2914	0.7600	0.0958	0.0327	366	
ALGOUSDT	2021	1.2565	2.9900	0.3310	0.1538	365	
ALGOUSDT	2022	0.5311	1.8451	0.1598	0.0445	365	
ALGOUSDT	2023	0.1609	0.2995	0.0820	0.0102	365	
ALGOUSDT	2024	0.1930	0.6139	0.0938	0.0176	366	
ALGOUSDT	2025	0.2454	0.4967	0.1460	0.0218	217	
ANKRUSDT	2019	0.0029	0.0119	0.0014	0.0003	162	
ANKRUSDT	2020	0.0051	0.0186	0.0006	0.0007	366	
ANKRUSDT	2021	0.0907	0.2166	0.0072	0.0121	365	
ANKRUSDT	2022	0.0467	0.1193	0.0146	0.0042	365	
ANKRUSDT	2023	0.0260	0.0575	0.0153	0.0020	365	
ANKRUSDT	2024	0.0348	0.0689	0.0197	0.0031	366	
ANKRUSDT	2025	0.0204	0.0413	0.0124	0.0015	217	
ARDRUSDT	2020	0.0578	0.0931	0.0212	0.0062	231	
ARDRUSDT	2021	0.2543	0.7900	0.0621	0.0368	365	
ARDRUSDT	2022	0.1366	0.3882	0.0590	0.0119	365	
ARDRUSDT	2023	0.0830	0.1830	0.0542	0.0060	365	
ARDRUSDT	2024	0.0906	0.1618	0.0230	0.0072	366	
ARDRUSDT	2025	0.0851	0.1877	0.0370	0.0093	217	
ARPAUSDT	2019	0.0127	0.0380	0.0080	0.0018	56	
ARPAUSDT	2020	0.0178	0.0580	0.0033	0.0024	366	
ARPAUSDT	2021	0.0769	0.2753	0.0190	0.0116	365	
ARPAUSDT	2022	0.0479	0.1148	0.0239	0.0046	365	
ARPAUSDT	2023	0.0461	0.1300	0.0259	0.0038	365	
ARPAUSDT	2024	0.0576	0.1250	0.0270	0.0055	366	
ARPAUSDT	2025	0.0287	0.0619	0.0162	0.0025	217	
ATOMUSDT	2019	3.9188	7.2490	1.8300	0.3751	247	
ATOMUSDT	2020	4.1234	8.8770	1.0610	0.3829	366	
ATOMUSDT	2021	21.0982	44.8000	5.0000	2.7370	365	
ATOMUSDT	2022	17.1205	44.7000	5.5500	1.5941	365	
ATOMUSDT	2023	9.9752	15.4500	6.1580	0.5609	365	
ATOMUSDT	2024	7.6562	14.5850	3.6150	0.5095	366	
ATOMUSDT	2025	4.7667	7.7710	3.3860	0.3214	217	
BANDUSDT	2019	0.3528	2.3650	0.1965	0.0616	105	
BANDUSDT	2020	3.6975	17.7800	0.1923	0.5723	366	
BANDUSDT	2021	9.8117	23.3046	4.0640	1.3488	365	
BANDUSDT	2022	2.4337	7.0000	0.9780	0.2659	365	
BANDUSDT	2023	1.4905	2.5180	0.8460	0.1127	365	
BANDUSDT	2024	1.5369	2.8520	0.8870	0.1288	366	
BANDUSDT	2025	0.8432	1.6460	0.5010	0.0659	217	
BATUSDT	2019	0.2502	0.4971	0.1326	0.0223	303	
BATUSDT	2020	0.2244	0.4434	0.0800	0.0186	366	
BATUSDT	2021	0.8216	1.9290	0.1978	0.1036	365	
BATUSDT	2022	0.4980	1.3641	0.1602	0.0397	365	
BATUSDT	2023	0.2208	0.3360	0.1480	0.0136	365	
BATUSDT	2024	0.2273	0.3839	0.1303	0.0169	366	
BATUSDT	2025	0.1617	0.2943	0.1078	0.0113	217	
BCHUSDT	2019	203.2356	226.4900	169.6600	9.6956	34	
BCHUSDT	2020	270.0658	498.2300	129.0000	21.1167	366	
BCHUSDT	2021	605.8553	1650.0000	331.1600	61.9306	365	
BCHUSDT	2022	197.3288	452.4000	87.0000	13.2652	365	
BCHUSDT	2023	179.2800	329.0000	90.3000	10.6107	365	
BCHUSDT	2024	395.8642	719.5000	211.3000	29.3257	366	
BCHUSDT	2025	405.5456	608.2000	249.4000	25.4714	217	
BNBUSDT	2018	8.8954	14.4700	4.1200	0.5666	153	
BNBUSDT	2019	20.0186	39.5941	5.3733	1.3407	365	
BNBUSDT	2020	21.3457	39.9999	6.3800	1.4286	366	
BNBUSDT	2021	378.2930	691.7700	35.0374	34.2306	365	
BNBUSDT	2022	324.3033	533.9000	183.4000	18.0647	365	
BNBUSDT	2023	266.4811	350.0000	202.0000	9.4995	365	
BNBUSDT	2024	543.2212	793.8600	287.5000	25.6407	366	
BNBUSDT	2025	651.6914	861.1000	500.0000	24.4328	217	
BNTUSDT	2020	0.8828	2.8000	0.1130	0.1117	330	
BNTUSDT	2021	4.4158	9.3689	1.2222	0.4113	365	
BNTUSDT	2022	1.2566	3.5710	0.3210	0.0886	365	
BNTUSDT	2023	0.4976	1.9560	0.3333	0.0393	365	
BNTUSDT	2024	0.6738	1.0593	0.3838	0.0453	366	
BNTUSDT	2025	0.5727	0.8429	0.3172	0.0380	217	
BTCUSDT	2018	5784.7421	7750.0000	3156.2600	262.7458	153	
BTCUSDT	2019	7364.3632	13970.0000	3349.9200	395.1133	365	
BTCUSDT	2020	11110.5485	29300.0000	3782.1300	548.1667	366	
BTCUSDT	2021	47400.0030	69000.0000	28130.0000	3132.4475	365	
BTCUSDT	2022	28185.2179	48189.8400	15476.0000	1376.0605	365	
BTCUSDT	2023	28849.5918	44700.0000	16499.0100	957.7272	365	
BTCUSDT	2024	65963.5927	108353.0000	38555.0000	2748.2927	366	
BTCUSDT	2025	99228.6262	123218.0000	74508.0000	3350.8256	217	
CELRUSDT	2019	0.0097	0.0400	0.0032	0.0013	282	
CELRUSDT	2020	0.0044	0.0138	0.0009	0.0006	366	
CELRUSDT	2021	0.0609	0.1987	0.0044	0.0099	365	
CELRUSDT	2022	0.0284	0.1018	0.0092	0.0031	365	
CELRUSDT	2023	0.0169	0.0326	0.0094	0.0014	365	
CELRUSDT	2024	0.0195	0.0396	0.0081	0.0018	366	
CELRUSDT	2025	0.0106	0.0213	0.0061	0.0009	217	
CHRUSDT	2020	0.0354	0.0910	0.0159	0.0046	239	
CHRUSDT	2021	0.3488	1.5000	0.0201	0.0620	365	
CHRUSDT	2022	0.2885	0.9710	0.1000	0.0304	365	
CHRUSDT	2023	0.1344	0.2380	0.0814	0.0092	365	
CHRUSDT	2024	0.2713	0.5686	0.1248	0.0274	366	
CHRUSDT	2025	0.1139	0.2692	0.0651	0.0099	217	
CHZUSDT	2019	0.0088	0.0197	0.0038	0.0012	117	
CHZUSDT	2020	0.0111	0.0306	0.0038	0.0011	366	
CHZUSDT	2021	0.3056	0.9449	0.0154	0.0447	365	
CHZUSDT	2022	0.1815	0.3315	0.0811	0.0179	365	
CHZUSDT	2023	0.0939	0.1792	0.0536	0.0054	365	
CHZUSDT	2024	0.0944	0.1679	0.0431	0.0082	366	
CHZUSDT	2025	0.0487	0.0973	0.0306	0.0035	217	
COMPUSDT	2020	146.7789	272.6100	80.6200	16.9184	190	
COMPUSDT	2021	386.9952	911.0000	134.4800	46.4492	365	
COMPUSDT	2022	80.1956	244.8000	26.2000	7.2280	365	
COMPUSDT	2023	46.5746	85.9000	23.2700	3.6124	365	
COMPUSDT	2024	58.5683	144.0000	33.8400	4.7320	366	
COMPUSDT	2025	50.7705	92.4800	35.4800	4.1433	217	
COSUSDT	2019	0.0176	0.0537	0.0092	0.0024	151	
COSUSDT	2020	0.0075	0.0128	0.0034	0.0008	366	
COSUSDT	2021	0.0207	0.0650	0.0061	0.0032	365	
COSUSDT	2022	0.0098	0.0280	0.0038	0.0010	365	
COSUSDT	2023	0.0058	0.0107	0.0042	0.0004	365	
COSUSDT	2024	0.0089	0.0325	0.0053	0.0010	366	
COSUSDT	2025	0.0042	0.0084	0.0025	0.0003	217	
COTIUSDT	2020	0.0359	0.0984	0.0085	0.0050	310	
COTIUSDT	2021	0.2989	0.6940	0.0434	0.0465	365	
COTIUSDT	2022	0.1548	0.4268	0.0531	0.0155	365	
COTIUSDT	2023	0.0621	0.1285	0.0361	0.0045	365	
COTIUSDT	2024	0.1159	0.2789	0.0495	0.0126	366	
COTIUSDT	2025	0.0732	0.1400	0.0419	0.0070	217	
CRVUSDT	2020	1.2318	23.2550	0.3280	0.4122	139	
CRVUSDT	2021	2.7104	6.3990	0.5310	0.4003	365	
CRVUSDT	2022	1.6618	6.8000	0.4010	0.1764	365	
CRVUSDT	2023	0.7316	1.3000	0.3865	0.0522	365	
CRVUSDT	2024	0.4642	1.3368	0.1801	0.0459	366	
CRVUSDT	2025	0.6564	1.1626	0.3470	0.0669	217	
CTSIUSDT	2020	0.0465	0.1490	0.0151	0.0066	253	
CTSIUSDT	2021	0.5620	1.7500	0.0400	0.0974	365	
CTSIUSDT	2022	0.2450	0.7771	0.0926	0.0240	365	
CTSIUSDT	2023	0.1545	0.3638	0.1023	0.0129	365	
CTSIUSDT	2024	0.1983	0.4625	0.1014	0.0184	366	
CTSIUSDT	2025	0.0834	0.1789	0.0435	0.0066	217	
CVCUSDT	2019	0.0352	0.0510	0.0168	0.0031	127	
CVCUSDT	2020	0.0367	0.1725	0.0097	0.0049	366	
CVCUSDT	2021	0.3835	0.9800	0.0780	0.0552	365	
CVCUSDT	2022	0.1962	0.4398	0.0784	0.0178	343	
CVCUSDT	2023	0.0889	0.2127	0.0641	0.0059	234	
CVCUSDT	2024	0.1339	0.3290	0.0703	0.0127	366	
CVCUSDT	2025	0.1155	0.2500	0.0745	0.0093	217	
DASHUSDT	2019	101.1407	189.5400	38.2000	6.6918	279	
DASHUSDT	2020	81.8050	150.0000	31.3300	6.5767	366	
DASHUSDT	2021	194.0013	478.0000	84.6300	22.0950	365	
DASHUSDT	2022	68.3524	157.8000	30.6000	5.2387	365	
DASHUSDT	2023	40.5422	77.9000	22.6000	2.4044	365	
DASHUSDT	2024	29.7389	71.6400	19.0000	2.1762	366	
DASHUSDT	2025	24.8800	44.7000	17.4000	1.6218	217	
DATAUSDT	2020	0.0502	0.0999	0.0310	0.0053	269	
DATAUSDT	2021	0.1229	0.3200	0.0365	0.0193	365	
DATAUSDT	2022	0.0478	0.1338	0.0216	0.0046	365	
DATAUSDT	2023	0.0301	0.0990	0.0201	0.0024	365	
DATAUSDT	2024	0.0501	0.1085	0.0250	0.0050	366	
DATAUSDT	2025	0.0211	0.0537	0.0117	0.0018	217	
DCRUSDT	2020	18.5261	43.3840	6.0020	2.2559	155	
DCRUSDT	2021	131.4055	249.9990	39.2750	12.5191	365	
DCRUSDT	2022	38.4126	93.0000	18.2000	3.7342	365	
DCRUSDT	2023	16.8881	28.5200	11.3800	1.1754	365	
DCRUSDT	2024	16.7657	32.8000	8.7500	1.4077	366	
DCRUSDT	2025	13.8574	17.9600	8.7700	0.9347	217	
DENTUSDT	2019	0.0003	0.0006	0.0001	0.0000	127	
DENTUSDT	2020	0.0002	0.0004	0.0001	0.0000	366	
DENTUSDT	2021	0.0048	0.0227	0.0002	0.0008	365	
DENTUSDT	2022	0.0016	0.0042	0.0006	0.0002	365	
DENTUSDT	2023	0.0009	0.0018	0.0006	0.0001	365	
DENTUSDT	2024	0.0012	0.0027	0.0006	0.0001	366	
DENTUSDT	2025	0.0008	0.0016	0.0005	0.0001	217	
DGBUSDT	2020	0.0240	0.0379	0.0172	0.0025	165	
DGBUSDT	2021	0.0596	0.1840	0.0213	0.0083	365	
DGBUSDT	2022	0.0148	0.0438	0.0060	0.0014	365	
DGBUSDT	2023	0.0083	0.0137	0.0058	0.0005	365	
DGBUSDT	2024	0.0098	0.0229	0.0050	0.0009	366	
DGBUSDT	2025	0.0094	0.0160	0.0066	0.0008	217	
DIAUSDT	2020	1.4743	4.1200	0.9180	0.2642	119	
DIAUSDT	2021	2.1757	5.8000	0.9210	0.3211	365	
DIAUSDT	2022	0.6010	1.4630	0.2630	0.0603	365	
DIAUSDT	2023	0.3021	0.6269	0.2093	0.0207	365	
DIAUSDT	2024	0.5528	1.3377	0.2575	0.0565	366	
DIAUSDT	2025	0.5001	1.2280	0.2684	0.0468	217	
DOGEUSDT	2019	0.0026	0.0046	0.0019	0.0001	180	
DOGEUSDT	2020	0.0027	0.0056	0.0011	0.0002	366	
DOGEUSDT	2021	0.2046	0.7400	0.0046	0.0290	365	
DOGEUSDT	2022	0.0979	0.2148	0.0491	0.0081	365	
DOGEUSDT	2023	0.0749	0.1073	0.0530	0.0042	365	
DOGEUSDT	2024	0.1629	0.4843	0.0741	0.0148	366	
DOGEUSDT	2025	0.2207	0.4341	0.1299	0.0177	217	
DOTUSDT	2020	4.7781	9.5100	2.0000	0.5126	136	
DOTUSDT	2021	29.0523	55.0900	7.1642	3.3100	365	
DOTUSDT	2022	11.5491	30.8800	4.2240	0.8958	365	
DOTUSDT	2023	5.4524	9.5930	3.5620	0.2984	365	
DOTUSDT	2024	6.5805	11.8890	3.5900	0.4802	366	
DOTUSDT	2025	4.5553	8.0440	3.0070	0.3185	217	
DUSKUSDT	2019	0.0869	0.6670	0.0312	0.0154	163	
DUSKUSDT	2020	0.0424	0.1296	0.0106	0.0053	366	
DUSKUSDT	2021	0.2159	1.1743	0.0426	0.0351	365	
DUSKUSDT	2022	0.2398	1.0890	0.0730	0.0305	365	
DUSKUSDT	2023	0.1448	0.3042	0.0805	0.0123	365	
DUSKUSDT	2024	0.2787	0.6858	0.1448	0.0283	366	
DUSKUSDT	2025	0.1003	0.2656	0.0427	0.0087	217	
EGLDUSDT	2020	12.0441	35.0000	6.0000	1.7275	120	
EGLDUSDT	2021	168.9753	544.2500	24.4520	20.4550	365	
EGLDUSDT	2022	93.5284	270.0000	32.3700	7.9219	365	
EGLDUSDT	2023	38.1823	78.1000	22.2500	2.3542	365	
EGLDUSDT	2024	40.3355	78.0000	21.4800	3.0526	366	
EGLDUSDT	2025	19.4603	39.2900	11.4000	1.4575	217	
ENJUSDT	2019	0.0959	0.2104	0.0469	0.0092	258	
ENJUSDT	2020	0.1443	0.2586	0.0322	0.0135	366	
ENJUSDT	2021	1.7581	4.8450	0.1270	0.2475	365	
ENJUSDT	2022	0.9066	2.9510	0.2300	0.0840	365	
ENJUSDT	2023	0.3282	0.5680	0.2040	0.0227	365	
ENJUSDT	2024	0.2660	0.6867	0.1173	0.0238	366	
ENJUSDT	2025	0.1011	0.2551	0.0550	0.0087	217	
ETCUSDT	2018	9.4729	20.8016	3.2638	0.7478	153	
ETCUSDT	2019	5.5362	9.8699	3.3607	0.3775	365	
ETCUSDT	2020	6.4799	13.2228	3.0726	0.5069	366	
ETCUSDT	2021	42.1661	179.8300	5.5725	5.1332	365	
ETCUSDT	2022	27.2302	52.6600	12.4700	2.3697	365	
ETCUSDT	2023	18.7639	24.9500	12.6100	1.0101	365	
ETCUSDT	2024	25.1395	39.9700	15.5600	1.7771	366	
ETCUSDT	2025	19.4922	29.2500	12.7000	1.2424	217	
ETHUSDT	2018	207.5975	434.9900	81.7900	15.6327	153	
ETHUSDT	2019	180.9064	366.8000	100.9100	11.5286	365	
ETHUSDT	2020	307.2702	758.7400	86.0000	20.7874	366	
ETHUSDT	2021	2777.4287	4868.0000	714.2900	224.9295	365	
ETHUSDT	2022	1986.7089	3900.7300	881.5600	127.9497	365	
ETHUSDT	2023	1794.5823	2445.8000	1190.5700	65.6638	365	
ETHUSDT	2024	3044.9252	4107.8000	2100.0000	154.9508	366	
ETHUSDT	2025	2571.9194	3941.0000	1385.0500	156.1247	217	
EURUSDT	2020	1.1366	4.9500	1.0480	0.0218	364	
EURUSDT	2021	1.1794	1.5000	1.0666	0.0105	365	
EURUSDT	2022	1.0529	1.2000	0.9535	0.0086	365	
EURUSDT	2023	1.0786	1.1632	1.0410	0.0073	365	
EURUSDT	2024	1.0817	1.1319	1.0280	0.0068	366	
EURUSDT	2025	1.1059	1.1900	1.0187	0.0085	217	
FETUSDT	2019	0.1162	0.4890	0.0314	0.0157	307	
FETUSDT	2020	0.0455	0.1900	0.0074	0.0058	366	
FETUSDT	2021	0.4893	1.1985	0.0500	0.0721	365	
FETUSDT	2022	0.1907	0.6500	0.0527	0.0213	365	
FETUSDT	2023	0.3210	0.7952	0.0899	0.0317	365	
FETUSDT	2024	1.5317	3.4800	0.5086	0.1645	366	
FETUSDT	2025	0.7630	1.6550	0.3450	0.0707	217	
FIOUSDT	2020	0.0987	0.2158	0.0587	0.0112	119	
FIOUSDT	2021	0.1994	0.5700	0.0578	0.0327	365	
FIOUSDT	2022	0.0642	0.1685	0.0265	0.0060	365	
FIOUSDT	2023	0.0262	0.0533	0.0169	0.0017	365	
FIOUSDT	2024	0.0326	0.0688	0.0161	0.0032	366	
FIOUSDT	2025	0.0201	0.0459	0.0106	0.0018	217	
FTTUSDT	2019	2.1720	2.3030	1.9400	0.0808	12	
FTTUSDT	2020	3.2001	5.8320	0.5000	0.1820	366	
FTTUSDT	2021	40.6771	85.7400	5.6980	3.8867	365	
FTTUSDT	2022	32.5241	53.2800	1.2300	2.0939	319	
FTTUSDT	2023	2.5889	6.0600	0.9710	0.4356	101	
FTTUSDT	2024	1.8818	4.4000	1.0000	0.2300	366	
FTTUSDT	2025	1.3662	4.0380	0.6952	0.1395	217	
FUNUSDT	2019	0.0033	0.0050	0.0023	0.0003	127	
FUNUSDT	2020	0.0034	0.0095	0.0010	0.0004	366	
FUNUSDT	2021	0.0243	0.0687	0.0049	0.0032	365	
FUNUSDT	2022	0.0087	0.0154	0.0060	0.0005	365	
FUNUSDT	2023	0.0054	0.0127	0.0036	0.0004	365	
FUNUSDT	2024	0.0046	0.0084	0.0027	0.0003	366	
FUNUSDT	2025	0.0060	0.0248	0.0018	0.0009	217	
HBARUSDT	2019	0.0287	0.0475	0.0091	0.0029	94	
HBARUSDT	2020	0.0353	0.0830	0.0099	0.0036	366	
HBARUSDT	2021	0.2576	0.5760	0.0297	0.0336	365	
HBARUSDT	2022	0.1203	0.3412	0.0356	0.0095	365	
HBARUSDT	2023	0.0591	0.0987	0.0362	0.0038	365	
HBARUSDT	2024	0.1000	0.3922	0.0416	0.0102	366	
HBARUSDT	2025	0.2126	0.4014	0.1249	0.0187	217	
HIVEUSDT	2020	0.2034	0.9200	0.1015	0.0202	249	
HIVEUSDT	2021	0.6240	3.4141	0.1040	0.0990	365	
HIVEUSDT	2022	0.6598	1.7776	0.2481	0.0618	365	
HIVEUSDT	2023	0.3578	0.6288	0.2552	0.0205	365	
HIVEUSDT	2024	0.2775	0.4963	0.1467	0.0215	366	
HIVEUSDT	2025	0.2806	0.6896	0.1757	0.0250	217	
HOTUSDT	2019	0.0011	0.0026	0.0005	0.0001	317	
HOTUSDT	2020	0.0006	0.0009	0.0002	0.0000	366	
HOTUSDT	2021	0.0086	0.0316	0.0006	0.0013	365	
HOTUSDT	2022	0.0031	0.0078	0.0014	0.0003	365	
HOTUSDT	2023	0.0016	0.0028	0.0010	0.0001	365	
HOTUSDT	2024	0.0022	0.0052	0.0011	0.0002	366	
HOTUSDT	2025	0.0013	0.0029	0.0007	0.0001	217	
ICXUSDT	2018	0.5577	1.1058	0.1807	0.0603	153	
ICXUSDT	2019	0.2519	0.4658	0.1075	0.0213	365	
ICXUSDT	2020	0.3442	0.8000	0.1066	0.0358	366	
ICXUSDT	2021	1.5437	3.2000	0.4250	0.2084	365	
ICXUSDT	2022	0.4551	1.2750	0.1381	0.0404	365	
ICXUSDT	2023	0.2250	0.4887	0.1399	0.0168	365	
ICXUSDT	2024	0.2005	0.4070	0.1041	0.0155	366	
ICXUSDT	2025	0.1271	0.2227	0.0002	0.0100	217	
IOSTUSDT	2019	0.0088	0.0300	0.0038	0.0009	285	
IOSTUSDT	2020	0.0053	0.0091	0.0014	0.0005	366	
IOSTUSDT	2021	0.0397	0.0913	0.0052	0.0052	365	
IOSTUSDT	2022	0.0177	0.0545	0.0064	0.0014	365	
IOSTUSDT	2023	0.0091	0.0160	0.0063	0.0005	365	
IOSTUSDT	2024	0.0077	0.0146	0.0040	0.0006	366	
IOSTUSDT	2025	0.0044	0.0087	0.0028	0.0004	217	
IOTAUSDT	2018	0.4847	0.9980	0.2020	0.0490	153	
IOTAUSDT	2019	0.2954	0.5631	0.1486	0.0210	365	
IOTAUSDT	2020	0.2512	0.4496	0.0534	0.0213	366	
IOTAUSDT	2021	1.2123	2.6773	0.2770	0.1514	365	
IOTAUSDT	2022	0.4638	1.4309	0.1559	0.0352	365	
IOTAUSDT	2023	0.1971	0.3721	0.1318	0.0124	365	
IOTAUSDT	2024	0.2174	0.6328	0.1008	0.0200	366	
IOTAUSDT	2025	0.2154	0.4251	0.1307	0.0196	217	
IOTXUSDT	2019	0.0039	0.0067	0.0030	0.0004	48	
IOTXUSDT	2020	0.0057	0.0126	0.0010	0.0006	366	
IOTXUSDT	2021	0.0570	0.2630	0.0060	0.0091	365	
IOTXUSDT	2022	0.0479	0.1320	0.0154	0.0045	365	
IOTXUSDT	2023	0.0239	0.0650	0.0125	0.0019	365	
IOTXUSDT	2024	0.0478	0.0930	0.0281	0.0045	366	
IOTXUSDT	2025	0.0227	0.0443	0.0149	0.0018	217	
JSTUSDT	2020	0.0341	0.0960	0.0174	0.0041	143	
JSTUSDT	2021	0.0716	0.2020	0.0210	0.0083	365	
JSTUSDT	2022	0.0386	0.1170	0.0188	0.0034	365	
JSTUSDT	2023	0.0256	0.0400	0.0045	0.0014	365	
JSTUSDT	2024	0.0326	0.0839	0.0240	0.0017	366	
JSTUSDT	2025	0.0346	0.0485	0.0285	0.0015	217	
KAVAUSDT	2019	1.0394	1.6440	0.4600	0.1437	68	
KAVAUSDT	2020	1.5401	5.5344	0.2403	0.2009	366	
KAVAUSDT	2021	4.8767	9.2180	1.2390	0.6213	365	
KAVAUSDT	2022	2.4318	5.8290	0.5660	0.2377	365	
KAVAUSDT	2023	0.8282	1.5500	0.5140	0.0577	365	
KAVAUSDT	2024	0.5724	1.1500	0.2455	0.0427	366	
KAVAUSDT	2025	0.4400	0.5960	0.3403	0.0287	217	
KNCUSDT	2020	1.1884	2.0480	0.6830	0.1162	203	
KNCUSDT	2021	1.9129	4.3600	0.7600	0.2454	365	
KNCUSDT	2022	1.7913	5.7700	0.4470	0.1970	365	
KNCUSDT	2023	0.6785	0.9700	0.4290	0.0472	365	
KNCUSDT	2024	0.5915	1.1390	0.3550	0.0452	366	
KNCUSDT	2025	0.3974	0.7550	0.2577	0.0315	217	
KSMUSDT	2020	39.7544	73.5630	23.1580	5.1473	119	
KSMUSDT	2021	306.0580	625.0000	57.8770	39.1668	365	
KSMUSDT	2022	91.6531	310.0000	21.7800	7.9725	365	
KSMUSDT	2023	27.3669	64.5000	16.5300	1.9660	365	
KSMUSDT	2024	30.6111	61.2100	13.8500	2.6891	366	
KSMUSDT	2025	18.3853	37.4700	11.3500	1.4254	217	
LINKUSDT	2019	1.5796	4.5826	0.3504	0.1611	350	
LINKUSDT	2020	7.4225	20.1111	0.0001	0.7751	366	
LINKUSDT	2021	26.6264	53.0000	11.0638	3.0509	365	
LINKUSDT	2022	10.3284	28.7100	5.3000	0.8645	365	
LINKUSDT	2023	8.2415	17.6720	4.7610	0.5236	365	
LINKUSDT	2024	15.4089	30.9400	8.0800	1.1520	366	
LINKUSDT	2025	16.3421	27.2100	10.1000	1.2699	217	
LRCUSDT	2020	0.1635	0.3083	0.0710	0.0204	203	
LRCUSDT	2021	0.7585	3.8500	0.1670	0.1224	365	
LRCUSDT	2022	0.5786	2.1489	0.1865	0.0612	365	
LRCUSDT	2023	0.2627	0.4949	0.1592	0.0189	365	
LRCUSDT	2024	0.2164	0.5550	0.1004	0.0189	366	
LRCUSDT	2025	0.1121	0.2248	0.0657	0.0088	217	
LSKUSDT	2020	1.2588	2.8800	0.5104	0.1196	330	
LSKUSDT	2021	3.4801	11.5000	1.0990	0.4971	365	
LSKUSDT	2022	1.3576	3.2710	0.6650	0.1187	365	
LSKUSDT	2023	0.9348	1.6040	0.6500	0.0618	365	
LSKUSDT	2024	1.2379	3.2500	0.6650	0.1121	366	
LSKUSDT	2025	0.5857	1.2800	0.1860	0.0428	217	
LTCUSDT	2018	49.3439	79.0600	22.3200	3.5809	153	
LTCUSDT	2019	69.3601	145.9000	28.4500	5.2299	365	
LTCUSDT	2020	56.1914	139.4700	24.0000	4.5185	366	
LTCUSDT	2021	185.7661	413.4900	103.8300	18.8975	365	
LTCUSDT	2022	80.0147	153.9000	40.3000	5.4587	365	
LTCUSDT	2023	81.1063	115.0000	56.0000	4.1826	365	
LTCUSDT	2024	78.7778	147.0600	49.8000	4.9270	366	
LTCUSDT	2025	98.8283	141.2200	63.0800	6.9611	217	
LUNAUSDT	2020	0.3830	0.7090	0.2733	0.0347	133	
LUNAUSDT	2021	23.7163	103.6000	0.6150	3.0017	365	
LUNAUSDT	2022	30.6355	119.5500	0.0000	3.3217	348	
LUNAUSDT	2023	0.9630	2.5413	0.3618	0.0858	365	
LUNAUSDT	2024	0.5554	1.5500	0.2482	0.0561	366	
LUNAUSDT	2025	0.2179	0.5478	0.1261	0.0182	217	
MANAUSDT	2020	0.0823	0.1320	0.0300	0.0092	148	
MANAUSDT	2021	1.2120	5.9000	0.0750	0.1822	365	
MANAUSDT	2022	1.3616	3.5497	0.2840	0.1167	365	
MANAUSDT	2023	0.4647	0.8427	0.2649	0.0323	365	
MANAUSDT	2024	0.4295	0.8556	0.2161	0.0343	366	
MANAUSDT	2025	0.3212	0.5994	0.1904	0.0248	217	
MBLUSDT	2020	0.0017	0.0060	0.0002	0.0002	315	
MBLUSDT	2021	0.0095	0.0434	0.0014	0.0014	365	
MBLUSDT	2022	0.0055	0.0274	0.0020	0.0007	365	
MBLUSDT	2023	0.0034	0.0073	0.0023	0.0002	365	
MBLUSDT	2024	0.0037	0.0071	0.0017	0.0003	366	
MBLUSDT	2025	0.0025	0.0048	0.0019	0.0002	217	
MDTUSDT	2020	0.0141	0.0276	0.0079	0.0017	210	
MDTUSDT	2021	0.0495	0.1789	0.0164	0.0087	365	
MDTUSDT	2022	0.0400	0.1395	0.0185	0.0043	365	
MDTUSDT	2023	0.0483	0.1225	0.0190	0.0052	365	
MDTUSDT	2024	0.0592	0.1470	0.0280	0.0061	366	
MDTUSDT	2025	0.0298	0.0632	0.0123	0.0032	217	
MKRUSDT	2020	559.3206	875.0000	429.7900	44.4714	162	
MKRUSDT	2021	2757.1901	6347.9400	568.2100	312.5502	365	
MKRUSDT	2022	1254.9233	2599.0000	506.0000	105.7178	365	
MKRUSDT	2023	988.4493	1760.0000	502.0000	61.9589	365	
MKRUSDT	2024	2180.4290	4074.0000	1006.0000	156.1011	366	
MKRUSDT	2025	1554.4940	2398.8000	778.0000	121.9829	217	
MTLUSDT	2019	0.3285	0.5241	0.2047	0.0318	131	
MTLUSDT	2020	0.3107	0.6399	0.1047	0.0290	366	
MTLUSDT	2021	2.4434	10.3637	0.3313	0.3763	365	
MTLUSDT	2022	1.3684	3.4880	0.5650	0.1409	365	
MTLUSDT	2023	1.2707	2.8000	0.6740	0.1029	365	
MTLUSDT	2024	1.3876	3.8800	0.7070	0.1175	366	
MTLUSDT	2025	0.8536	1.5040	0.5500	0.0575	217	
NEOUSDT	2018	15.1907	30.2890	5.3980	1.3852	153	
NEOUSDT	2019	10.1394	20.9850	6.6350	0.7944	365	
NEOUSDT	2020	13.1329	25.8590	3.8900	1.0977	366	
NEOUSDT	2021	46.2512	141.0000	14.0000	5.4785	365	
NEOUSDT	2022	13.5267	29.6300	5.9400	1.0655	365	
NEOUSDT	2023	9.6667	15.8000	6.1200	0.6797	365	
NEOUSDT	2024	13.0471	26.2100	7.5100	1.0719	366	
NEOUSDT	2025	8.1552	17.2900	4.3100	0.6401	217	
NKNUSDT	2019	0.0248	0.0774	0.0158	0.0037	82	
NKNUSDT	2020	0.0204	0.0434	0.0055	0.0023	366	
NKNUSDT	2021	0.3338	1.4890	0.0164	0.0577	365	
NKNUSDT	2022	0.1401	0.3945	0.0614	0.0144	365	
NKNUSDT	2023	0.1016	0.2131	0.0767	0.0077	365	
NKNUSDT	2024	0.1020	0.2210	0.0470	0.0088	366	
NKNUSDT	2025	0.0447	0.1051	0.0160	0.0044	217	
NMRUSDT	2020	30.8343	67.5000	21.2990	3.9222	135	
NMRUSDT	2021	42.6044	97.7000	21.4530	5.1835	365	
NMRUSDT	2022	19.1615	41.2100	7.1900	1.8939	365	
NMRUSDT	2023	15.1954	27.5700	10.2600	1.1136	365	
NMRUSDT	2024	21.3198	54.2900	9.3100	2.0696	366	
NMRUSDT	2025	9.5333	18.2100	5.8600	0.7900	217	
OGNUSDT	2020	0.2338	0.6426	0.0989	0.0359	358	
OGNUSDT	2021	0.9044	3.3900	0.1119	0.1469	365	
OGNUSDT	2022	0.2758	0.8530	0.0806	0.0325	365	
OGNUSDT	2023	0.1095	0.1974	0.0600	0.0089	365	
OGNUSDT	2024	0.1319	0.2829	0.0589	0.0120	366	
OGNUSDT	2025	0.0683	0.1319	0.0426	0.0055	217	
ONEUSDT	2019	0.0100	0.0308	0.0039	0.0013	214	
ONEUSDT	2020	0.0052	0.0144	0.0012	0.0006	366	
ONEUSDT	2021	0.1280	0.3800	0.0041	0.0194	365	
ONEUSDT	2022	0.0750	0.3790	0.0094	0.0082	365	
ONEUSDT	2023	0.0152	0.0296	0.0086	0.0012	365	
ONEUSDT	2024	0.0189	0.0485	0.0085	0.0019	366	
ONEUSDT	2025	0.0141	0.0327	0.0080	0.0013	217	
ONGUSDT	2019	0.3181	4.0000	0.0856	0.0395	319	
ONGUSDT	2020	0.1421	0.3938	0.0364	0.0179	366	
ONGUSDT	2021	0.8606	3.3000	0.1706	0.1295	365	
ONGUSDT	2022	0.4784	1.7094	0.2066	0.0433	365	
ONGUSDT	2023	0.2780	0.6588	0.1893	0.0211	365	
ONGUSDT	2024	0.3685	0.8280	0.2202	0.0323	366	
ONGUSDT	2025	0.2231	0.4168	0.1440	0.0152	217	
ONTUSDT	2018	1.5750	2.8800	0.4300	0.1754	153	
ONTUSDT	2019	0.9238	1.8560	0.5029	0.0814	365	
ONTUSDT	2020	0.6018	1.0975	0.2107	0.0524	366	
ONTUSDT	2021	1.0490	2.9583	0.4200	0.1371	365	
ONTUSDT	2022	0.3397	0.7194	0.1446	0.0267	365	
ONTUSDT	2023	0.2075	0.3700	0.1400	0.0142	365	
ONTUSDT	2024	0.2490	0.5199	0.1276	0.0212	366	
ONTUSDT	2025	0.1620	0.3200	0.1052	0.0116	217	
PAXGUSDT	2020	1903.3385	2049.6900	1777.5600	31.5449	126	
PAXGUSDT	2021	1808.8167	2100.8500	1687.5700	28.8858	365	
PAXGUSDT	2022	1802.8575	2076.0000	1606.0000	25.6822	365	
PAXGUSDT	2023	1933.7671	2095.0000	1716.0000	22.1726	365	
PAXGUSDT	2024	2383.3005	3295.0000	1968.0000	35.2896	366	
PAXGUSDT	2025	3131.3264	3600.0000	2627.0000	47.5615	217	
QTUMUSDT	2018	3.5629	6.9940	1.4500	0.3145	153	
QTUMUSDT	2019	2.4723	5.9750	1.4320	0.2088	365	
QTUMUSDT	2020	2.1220	5.4670	0.7100	0.1866	366	
QTUMUSDT	2021	10.3945	35.6850	2.1870	1.4066	365	
QTUMUSDT	2022	4.3351	10.1810	1.7650	0.3520	365	
QTUMUSDT	2023	2.7060	4.3310	1.8210	0.1766	365	
QTUMUSDT	2024	3.1792	6.3000	1.7840	0.2542	366	
QTUMUSDT	2025	2.4129	4.9660	1.5710	0.1918	217	
RLCUSDT	2019	0.5522	0.9100	0.3399	0.0772	48	
RLCUSDT	2020	0.7580	2.1900	0.0001	0.1011	366	
RLCUSDT	2021	3.3253	16.5000	0.7031	0.5363	365	
RLCUSDT	2022	1.4079	3.6270	0.5630	0.1440	365	
RLCUSDT	2023	1.4346	2.3780	0.8930	0.1092	365	
RLCUSDT	2024	2.3204	4.7900	1.0910	0.2237	366	
RLCUSDT	2025	1.2691	2.6130	0.7740	0.1033	217	
RSRUSDT	2020	0.0163	0.0385	0.0075	0.0028	127	
RSRUSDT	2021	0.0464	0.1190	0.0165	0.0069	365	
RSRUSDT	2022	0.0098	0.0333	0.0027	0.0011	365	
RSRUSDT	2023	0.0029	0.0059	0.0016	0.0002	365	
RSRUSDT	2024	0.0065	0.0270	0.0021	0.0008	366	
RSRUSDT	2025	0.0086	0.0179	0.0045	0.0009	217	
RUNEUSDT	2020	0.6912	1.3000	0.3224	0.1091	119	
RUNEUSDT	2021	8.3430	21.2800	1.1200	1.2594	365	
RUNEUSDT	2022	3.5864	13.2030	1.0030	0.4085	365	
RUNEUSDT	2023	2.0975	7.3000	0.7770	0.1721	365	
RUNEUSDT	2024	5.3087	11.4600	2.5380	0.4790	366	
RUNEUSDT	2025	1.6940	5.1980	0.9550	0.1661	217	
RVNUSDT	2019	0.0275	0.0390	0.0193	0.0023	98	
RVNUSDT	2020	0.0193	0.0417	0.0071	0.0016	366	
RVNUSDT	2021	0.1077	0.2929	0.0122	0.0146	365	
RVNUSDT	2022	0.0419	0.1388	0.0172	0.0042	365	
RVNUSDT	2023	0.0210	0.0380	0.0134	0.0013	365	
RVNUSDT	2024	0.0230	0.0610	0.0120	0.0020	366	
RVNUSDT	2025	0.0143	0.0278	0.0090	0.0012	217	
SANDUSDT	2020	0.0451	0.0947	0.0083	0.0072	140	
SANDUSDT	2021	1.2233	8.4876	0.0346	0.1909	365	
SANDUSDT	2022	1.8286	6.0333	0.3780	0.1664	365	
SANDUSDT	2023	0.4932	0.9417	0.2756	0.0349	365	
SANDUSDT	2024	0.4324	1.0667	0.2082	0.0370	366	
SANDUSDT	2025	0.3392	0.7500	0.2131	0.0273	217	
SCUSDT	2020	0.0032	0.0051	0.0023	0.0003	179	
SCUSDT	2021	0.0180	0.0640	0.0031	0.0025	365	
SCUSDT	2022	0.0062	0.0166	0.0021	0.0005	365	
SCUSDT	2023	0.0038	0.0083	0.0022	0.0003	365	
SCUSDT	2024	0.0068	0.0231	0.0034	0.0006	366	
SCUSDT	2025	0.0037	0.0068	0.0017	0.0003	217	
SNXUSDT	2020	4.7055	8.7710	2.3840	0.6718	176	
SNXUSDT	2021	12.9928	28.9810	4.4000	1.7009	365	
SNXUSDT	2022	3.4046	8.1900	1.3960	0.3779	365	
SNXUSDT	2023	2.5214	4.9510	1.4260	0.2132	365	
SNXUSDT	2024	2.5166	5.2870	1.0840	0.2139	366	
SNXUSDT	2025	0.9032	2.2740	0.4800	0.0782	217	
SOLUSDT	2020	2.4040	4.9475	1.0301	0.3451	143	
SOLUSDT	2021	80.0985	259.9000	1.4990	8.8958	365	
SOLUSDT	2022	57.9004	179.5300	8.0000	5.2653	365	
SOLUSDT	2023	29.3024	126.3600	9.6900	2.4694	365	
SOLUSDT	2024	155.4207	264.3900	79.0000	11.0443	366	
SOLUSDT	2025	164.8429	295.8300	95.2600	11.7793	217	
STORJUSDT	2020	0.3759	0.7876	0.1500	0.0515	155	
STORJUSDT	2021	1.3012	3.8330	0.2789	0.1984	365	
STORJUSDT	2022	0.7404	2.0293	0.2385	0.0716	365	
STORJUSDT	2023	0.4080	1.2335	0.1910	0.0380	365	
STORJUSDT	2024	0.5290	0.9407	0.2584	0.0462	366	
STORJUSDT	2025	0.3200	0.6244	0.2104	0.0246	217	
STXUSDT	2019	0.1451	0.5000	0.0804	0.0214	68	
STXUSDT	2020	0.1629	0.4500	0.0430	0.0201	366	
STXUSDT	2021	1.4062	3.2560	0.3867	0.1794	365	
STXUSDT	2022	0.7373	2.9000	0.1990	0.0687	365	
STXUSDT	2023	0.6503	1.7391	0.2070	0.0644	365	
STXUSDT	2024	2.0333	3.8464	1.0560	0.1947	366	
STXUSDT	2025	0.8648	1.8760	0.2890	0.0755	217	
SUSHIUSDT	2020	1.6790	15.9700	0.4720	0.4740	122	
SUSHIUSDT	2021	11.2263	23.4300	2.7930	1.5389	365	
SUSHIUSDT	2022	2.2849	9.5030	0.8590	0.2266	365	
SUSHIUSDT	2023	0.9346	1.6380	0.4810	0.0705	365	
SUSHIUSDT	2024	1.0642	2.8180	0.4460	0.1019	366	
SUSHIUSDT	2025	0.8184	1.9270	0.4510	0.0790	217	
SXPUSDT	2020	1.4986	5.0000	0.5580	0.2407	165	
SXPUSDT	2021	2.5183	5.8700	0.6750	0.3435	365	
SXPUSDT	2022	0.7230	2.3590	0.1957	0.0614	365	
SXPUSDT	2023	0.3568	0.9400	0.1993	0.0278	365	
SXPUSDT	2024	0.3172	0.5710	0.1626	0.0256	366	
SXPUSDT	2025	0.2171	0.3908	0.1416	0.0163	217	
TFUELUSDT	2019	0.0061	0.0260	0.0023	0.0007	222	
TFUELUSDT	2020	0.0074	0.0407	0.0008	0.0010	366	
TFUELUSDT	2021	0.2820	0.6800	0.0197	0.0368	365	
TFUELUSDT	2022	0.0956	0.2449	0.0306	0.0094	365	
TFUELUSDT	2023	0.0435	0.0828	0.0295	0.0028	365	
TFUELUSDT	2024	0.0709	0.1460	0.0392	0.0066	366	
TFUELUSDT	2025	0.0423	0.0995	0.0278	0.0034	217	
THETAUSDT	2019	0.1058	0.1654	0.0530	0.0096	266	
THETAUSDT	2020	0.3636	1.8900	0.0355	0.0418	366	
THETAUSDT	2021	6.5634	15.8800	1.4600	0.8405	365	
THETAUSDT	2022	1.8845	5.2440	0.7060	0.1755	365	
THETAUSDT	2023	0.8760	1.4500	0.5620	0.0566	365	
THETAUSDT	2024	1.7440	3.8200	0.8800	0.1682	366	
THETAUSDT	2025	1.0738	2.6280	0.5650	0.0929	217	
TRBUSDT	2020	26.7285	100.0000	12.7880	5.0701	125	
TRBUSDT	2021	51.4153	164.0500	16.8260	7.9664	365	
TRBUSDT	2022	18.6868	46.6000	6.6700	2.2627	365	
TRBUSDT	2023	36.6015	629.0400	7.3800	5.7978	365	
TRBUSDT	2024	85.1365	231.9900	41.4400	9.2006	366	
TRBUSDT	2025	37.8605	68.9800	19.4300	3.5963	217	
TRXUSDT	2018	0.0208	0.0340	0.0111	0.0019	153	
TRXUSDT	2019	0.0224	0.0410	0.0112	0.0017	365	
TRXUSDT	2020	0.0207	0.0499	0.0068	0.0016	366	
TRXUSDT	2021	0.0802	0.1800	0.0264	0.0076	365	
TRXUSDT	2022	0.0643	0.0928	0.0453	0.0033	365	
TRXUSDT	2023	0.0782	0.1131	0.0498	0.0024	365	
TRXUSDT	2024	0.1475	0.4500	0.1012	0.0059	366	
TRXUSDT	2025	0.2595	0.3510	0.2011	0.0091	217	
TUSDUSDT	2018	1.0101	1.2400	0.9815	0.0115	153	
TUSDUSDT	2019	1.0008	1.0700	0.9675	0.0062	365	
TUSDUSDT	2020	0.9997	1.0741	0.9500	0.0027	366	
TUSDUSDT	2021	0.9995	3.0000	0.4654	0.0097	365	
TUSDUSDT	2022	1.0002	1.0880	0.9985	0.0006	269	
TUSDUSDT	2023	0.9991	1.2082	0.9612	0.0027	296	
TUSDUSDT	2024	0.9977	1.2200	0.9470	0.0053	366	
TUSDUSDT	2025	0.9981	1.0150	0.9107	0.0017	217	
UMAUSDT	2020	8.8348	20.3150	5.8550	1.1869	114	
UMAUSDT	2021	15.2910	43.9980	7.2770	2.1018	365	
UMAUSDT	2022	4.0476	13.3000	1.4550	0.4503	365	
UMAUSDT	2023	1.8036	3.2880	1.2240	0.1302	365	
UMAUSDT	2024	3.0294	7.0800	1.4940	0.3167	366	
UMAUSDT	2025	1.4628	3.2750	0.8880	0.1323	217	
USDCUSDT	2018	0.9965	1.0305	0.9808	0.0129	17	
USDCUSDT	2019	1.0008	10.1100	0.9728	0.0313	365	
USDCUSDT	2020	0.9996	1.0464	0.9764	0.0029	366	
USDCUSDT	2021	0.9996	1.0450	0.2000	0.0044	365	
USDCUSDT	2022	1.0001	3.9900	0.9990	0.0120	269	
USDCUSDT	2023	0.9996	1.0042	0.8820	0.0012	296	
USDCUSDT	2024	1.0000	1.0051	0.7600	0.0015	366	
USDCUSDT	2025	0.9999	1.0027	0.9979	0.0005	217	
VETUSDT	2018	0.0104	0.0230	0.0033	0.0011	153	
VETUSDT	2019	0.0054	0.0110	0.0028	0.0005	365	
VETUSDT	2020	0.0102	0.0230	0.0016	0.0011	366	
VETUSDT	2021	0.1026	0.2798	0.0184	0.0134	365	
VETUSDT	2022	0.0366	0.0960	0.0153	0.0029	365	
VETUSDT	2023	0.0210	0.0388	0.0132	0.0012	365	
VETUSDT	2024	0.0334	0.0800	0.0189	0.0028	366	
VETUSDT	2025	0.0291	0.0579	0.0177	0.0024	217	
VTHOUSDT	2020	0.0010	0.0130	0.0005	0.0002	168	
VTHOUSDT	2021	0.0089	0.0285	0.0007	0.0014	365	
VTHOUSDT	2022	0.0024	0.0071	0.0009	0.0002	365	
VTHOUSDT	2023	0.0013	0.0033	0.0009	0.0001	365	
VTHOUSDT	2024	0.0028	0.0071	0.0013	0.0003	366	
VTHOUSDT	2025	0.0027	0.0120	0.0016	0.0003	217	
WANUSDT	2019	0.2219	0.5000	0.1694	0.0246	127	
WANUSDT	2020	0.2494	0.5899	0.0698	0.0300	366	
WANUSDT	2021	0.9228	2.6350	0.2908	0.1246	365	
WANUSDT	2022	0.2909	0.7972	0.1302	0.0279	365	
WANUSDT	2023	0.2142	0.3525	0.1594	0.0155	365	
WANUSDT	2024	0.2236	0.5100	0.1193	0.0184	366	
WANUSDT	2025	0.1314	0.2480	0.0811	0.0077	217	
WINUSDT	2019	0.0002	0.0009	0.0001	0.0000	153	
WINUSDT	2020	0.0001	0.0002	0.0000	0.0000	366	
WINUSDT	2021	0.0006	0.0030	0.0001	0.0001	365	
WINUSDT	2022	0.0002	0.0005	0.0001	0.0000	365	
WINUSDT	2023	0.0001	0.0001	0.0001	0.0000	365	
WINUSDT	2024	0.0001	0.0003	0.0001	0.0000	366	
WINUSDT	2025	0.0001	0.0001	0.0000	0.0000	217	
XLMUSDT	2018	0.2055	0.3046	0.0918	0.0175	153	
XLMUSDT	2019	0.0873	0.1625	0.0421	0.0059	365	
XLMUSDT	2020	0.0823	0.2318	0.0260	0.0072	366	
XLMUSDT	2021	0.3631	0.7985	0.1240	0.0410	365	
XLMUSDT	2022	0.1445	0.2976	0.0702	0.0092	365	
XLMUSDT	2023	0.1067	0.1977	0.0706	0.0055	365	
XLMUSDT	2024	0.1453	0.6374	0.0757	0.0124	366	
XLMUSDT	2025	0.3189	0.5206	0.2001	0.0245	217	
XRPUSDT	2018	0.3995	0.8000	0.2467	0.0380	153	
XRPUSDT	2019	0.3083	0.5100	0.1750	0.0179	365	
XRPUSDT	2020	0.2582	0.7807	0.1013	0.0220	366	
XRPUSDT	2021	0.8670	1.9669	0.2108	0.0987	365	
XRPUSDT	2022	0.5125	0.9300	0.2872	0.0344	365	
XRPUSDT	2023	0.5123	0.9380	0.3000	0.0273	365	
XRPUSDT	2024	0.7375	2.9092	0.3823	0.0573	366	
XRPUSDT	2025	2.4622	3.6607	1.6134	0.1698	217	
XTZUSDT	2019	1.1490	1.8433	0.7499	0.0972	99	
XTZUSDT	2020	2.4278	4.4936	0.9500	0.2257	366	
XTZUSDT	2021	4.5388	9.1710	1.9423	0.5508	365	
XTZUSDT	2022	2.1570	5.3650	0.6990	0.1735	365	
XTZUSDT	2023	0.8954	1.4900	0.6160	0.0495	365	
XTZUSDT	2024	0.9581	1.9090	0.5410	0.0746	366	
XTZUSDT	2025	0.7558	1.5790	0.4720	0.0558	217	
YFIUSDT	2020	20953.5622	43966.3100	3000.0000	3631.3380	144	
YFIUSDT	2021	36051.2499	95000.0000	17699.8100	4096.1782	365	
YFIUSDT	2022	13095.6593	41749.3400	4018.8300	1116.1683	365	
YFIUSDT	2023	7109.2274	15955.0000	4591.0000	458.7699	365	
YFIUSDT	2024	6886.5574	14774.0000	4331.0000	472.1421	366	
YFIUSDT	2025	5745.5438	9245.0000	4062.0000	353.1382	217	
ZECUSDT	2019	57.3208	125.7900	25.1500	4.0779	286	
ZECUSDT	2020	57.0445	102.7400	17.1300	4.9312	366	
ZECUSDT	2021	150.8389	372.0000	54.3800	18.0034	365	
ZECUSDT	2022	87.7978	216.6000	33.0000	7.7805	365	
ZECUSDT	2023	33.0035	51.3000	21.7000	1.8929	365	
ZECUSDT	2024	32.1624	79.3300	15.7800	2.8242	366	
ZECUSDT	2025	40.4705	62.0500	20.7100	3.2449	217	
ZENUSDT	2020	8.1836	19.6050	5.0620	0.9604	179	
ZENUSDT	2021	73.2956	169.2300	11.2400	10.0425	365	
ZENUSDT	2022	24.3079	69.6800	8.1300	2.1935	365	
ZENUSDT	2023	9.2769	15.6700	5.4000	0.6765	365	
ZENUSDT	2024	10.3589	46.2800	5.7800	1.0952	366	
ZENUSDT	2025	11.6505	32.7600	6.4100	1.2244	217	
ZILUSDT	2019	0.0124	0.0269	0.0042	0.0011	316	
ZILUSDT	2020	0.0165	0.0998	0.0022	0.0021	366	
ZILUSDT	2021	0.1112	0.2569	0.0507	0.0144	365	
ZILUSDT	2022	0.0475	0.2307	0.0153	0.0052	365	
ZILUSDT	2023	0.0229	0.0370	0.0147	0.0015	365	
ZILUSDT	2024	0.0213	0.0449	0.0108	0.0017	366	
ZILUSDT	2025	0.0136	0.0251	0.0092	0.0009	217	
ZRXUSDT	2019	0.2603	0.3895	0.1496	0.0209	307	
ZRXUSDT	2020	0.3369	0.9600	0.1105	0.0343	366	
ZRXUSDT	2021	1.1080	2.4000	0.3509	0.1403	365	
ZRXUSDT	2022	0.4182	1.1838	0.1454	0.0401	365	
ZRXUSDT	2023	0.2464	0.6305	0.1476	0.0204	365	
ZRXUSDT	2024	0.4433	1.4433	0.2269	0.0456	366	
ZRXUSDT	2025	0.2929	0.5589	0.1906	0.0221	217	
