2018	1	BTCUSDT	262.7458	5784.7421	7750.0000	3156.2600	153
2018	2	ETHUSDT	15.6327	207.5975	434.9900	81.7900	153
2018	3	LTCUSDT	3.5809	49.3439	79.0600	22.3200	153
2018	4	NEOUSDT	1.3852	15.1907	30.2890	5.3980	153
2018	5	ETCUSDT	0.7478	9.4729	20.8016	3.2638	153
2018	6	BNBUSDT	0.5666	8.8954	14.4700	4.1200	153
2018	7	QTUMUSDT	0.3145	3.5629	6.9940	1.4500	153
2018	8	ONTUSDT	0.1754	1.5750	2.8800	0.4300	153
2018	9	ICXUSDT	0.0603	0.5577	1.1058	0.1807	153
2018	10	IOTAUSDT	0.0490	0.4847	0.9980	0.2020	153
2019	1	BTCUSDT	395.1133	7364.3632	13970.0000	3349.9200	365
2019	2	ETHUSDT	11.5286	180.9064	366.8000	100.9100	365
2019	3	BCHUSDT	9.6956	203.2356	226.4900	169.6600	34
2019	4	DASHUSDT	6.6918	101.1407	189.5400	38.2000	279
2019	5	LTCUSDT	5.2299	69.3601	145.9000	28.4500	365
2019	6	ZECUSDT	4.0779	57.3208	125.7900	25.1500	286
2019	7	BNBUSDT	1.3407	20.0186	39.5941	5.3733	365
2019	8	NEOUSDT	0.7944	10.1394	20.9850	6.6350	365
2019	9	ETCUSDT	0.3775	5.5362	9.8699	3.3607	365
2019	10	ATOMUSDT	0.3751	3.9188	7.2490	1.8300	247
2020	1	YFIUSDT	3631.3380	20953.5622	43966.3100	3000.0000	144
2020	2	BTCUSDT	548.1667	11110.5485	29300.0000	3782.1300	366
2020	3	MKRUSDT	44.4714	559.3206	875.0000	429.7900	162
2020	4	PAXGUSDT	31.5449	1903.3385	2049.6900	1777.5600	126
2020	5	BCHUSDT	21.1167	270.0658	498.2300	129.0000	366
2020	6	ETHUSDT	20.7874	307.2702	758.7400	86.0000	366
2020	7	COMPUSDT	16.9184	146.7789	272.6100	80.6200	190
2020	8	DASHUSDT	6.5767	81.8050	150.0000	31.3300	366
2020	9	KSMUSDT	5.1473	39.7544	73.5630	23.1580	119
2020	10	TRBUSDT	5.0701	26.7285	100.0000	12.7880	125
2021	1	YFIUSDT	4096.1782	36051.2499	95000.0000	17699.8100	365
2021	2	BTCUSDT	3132.4475	47400.0030	69000.0000	28130.0000	365
2021	3	MKRUSDT	312.5502	2757.1901	6347.9400	568.2100	365
2021	4	ETHUSDT	224.9295	2777.4287	4868.0000	714.2900	365
2021	5	BCHUSDT	61.9306	605.8553	1650.0000	331.1600	365
2021	6	COMPUSDT	46.4492	386.9952	911.0000	134.4800	365
2021	7	KSMUSDT	39.1668	306.0580	625.0000	57.8770	365
2021	8	BNBUSDT	34.2306	378.2930	691.7700	35.0374	365
2021	9	PAXGUSDT	28.8858	1808.8167	2100.8500	1687.5700	365
2021	10	DASHUSDT	22.0950	194.0013	478.0000	84.6300	365
2022	1	BTCUSDT	1376.0605	28185.2179	48189.8400	15476.0000	365
2022	2	YFIUSDT	1116.1683	13095.6593	41749.3400	4018.8300	365
2022	3	ETHUSDT	127.9497	1986.7089	3900.7300	881.5600	365
2022	4	MKRUSDT	105.7178	1254.9233	2599.0000	506.0000	365
2022	5	PAXGUSDT	25.6822	1802.8575	2076.0000	1606.0000	365
2022	6	BNBUSDT	18.0647	324.3033	533.9000	183.4000	365
2022	7	BCHUSDT	13.2652	197.3288	452.4000	87.0000	365
2022	8	KSMUSDT	7.9725	91.6531	310.0000	21.7800	365
2022	9	EGLDUSDT	7.9219	93.5284	270.0000	32.3700	365
2022	10	ZECUSDT	7.7805	87.7978	216.6000	33.0000	365
2023	1	BTCUSDT	957.7272	28849.5918	44700.0000	16499.0100	365
2023	2	YFIUSDT	458.7699	7109.2274	15955.0000	4591.0000	365
2023	3	ETHUSDT	65.6638	1794.5823	2445.8000	1190.5700	365
2023	4	MKRUSDT	61.9589	988.4493	1760.0000	502.0000	365
2023	5	PAXGUSDT	22.1726	1933.7671	2095.0000	1716.0000	365
2023	6	BCHUSDT	10.6107	179.2800	329.0000	90.3000	365
2023	7	BNBUSDT	9.4995	266.4811	350.0000	202.0000	365
2023	8	TRBUSDT	5.7978	36.6015	629.0400	7.3800	365
2023	9	LTCUSDT	4.1826	81.1063	115.0000	56.0000	365
2023	10	COMPUSDT	3.6124	46.5746	85.9000	23.2700	365
2024	1	BTCUSDT	2748.2927	65963.5927	108353.0000	38555.0000	366
2024	2	YFIUSDT	472.1421	6886.5574	14774.0000	4331.0000	366
2024	3	MKRUSDT	156.1011	2180.4290	4074.0000	1006.0000	366
2024	4	ETHUSDT	154.9508	3044.9252	4107.8000	2100.0000	366
2024	5	PAXGUSDT	35.2896	2383.3005	3295.0000	1968.0000	366
2024	6	BCHUSDT	29.3257	395.8642	719.5000	211.3000	366
2024	7	BNBUSDT	25.6407	543.2212	793.8600	287.5000	366
2024	8	SOLUSDT	11.0443	155.4207	264.3900	79.0000	366
2024	9	TRBUSDT	9.2006	85.1365	231.9900	41.4400	366
2024	10	LTCUSDT	4.9270	78.7778	147.0600	49.8000	366
2025	1	BTCUSDT	3350.8256	99228.6262	123218.0000	74508.0000	217
2025	2	YFIUSDT	353.1382	5745.5438	9245.0000	4062.0000	217
2025	3	ETHUSDT	156.1247	2571.9194	3941.0000	1385.0500	217
2025	4	MKRUSDT	121.9829	1554.4940	2398.8000	778.0000	217
2025	5	PAXGUSDT	47.5615	3131.3264	3600.0000	2627.0000	217
2025	6	BCHUSDT	25.4714	405.5456	608.2000	249.4000	217
2025	7	BNBUSDT	24.4328	651.6914	861.1000	500.0000	217
2025	8	SOLUSDT	11.7793	164.8429	295.8300	95.2600	217
2025	9	LTCUSDT	6.9611	98.8283	141.2200	63.0800	217
2025	10	COMPUSDT	4.1433	50.7705	92.4800	35.4800	217
